0 15.3465036258336 0
134914 2.24666090023702 2.07045819017572
223935 1.57706319292213 2.27045819017572
350753 6.83340166735004 2.47045819017572
380021 2.48011259711191 2.67045819017572
541304 2.82326369282891 3.07045819017572
612144 2.18787262205594 3.27045819017572
703557 2.77843379686871 3.47045819017572
775540 2.60926288323549 3.67045819017572
852190 2.45431898783885 3.87045819017572
933679 2.44188318030865 4.07045819017572
1015583 2.19038857493319 4.27045819017572
1198199 3.11080694332108 4.67045819017572
1262491 2.4540178407097 4.87045819017572
1343990 2.68997982515131 5.07045819017572
1418340 2.0532194480946 5.27045819017572
1515748 2.39762155941307 5.47045819017572
1599164 2.3072042452558 5.67045819017572
1685849 3.2676001110984 5.87045819017572
1747056 1.86720442154007 6.07045819017572
1854168 2.2114353321023 6.27045819017572
1944607 2.42362550138751 6.47045819017572
2027128 0.813841821703534 6.67045819017572
2272876 1.33459675159151 6.87045819017572
2422734 0.711875507211299 7.07045819017572
2703682 0.847249404807293 7.27045819017572
2939740 1.60437673974602 7.47045819017572
3064399 3.53606789250354 7.67045819017572
3120959 3.55164085807645 7.87045819017572
3177271 3.56322043863242 8.07045819017572
3233400 3.56836996859833 8.27045819017572
3289448 3.23640306163728 8.47045819017572
3351245 7.62679547476803 8.67045819017572
3429915 1.2493284859388 9.27045819017572
3590001 4.78491793865733 9.47045819017572
3631799 3.60620266858999 9.67045819017572
3687259 2.29018997125813 9.87045819017572
3774588 7.31743011854233 10.0704581901757
3801920 6.91443388072598 10.2704581901757
3830845 1.45917235743885 10.4704581901757
3967909 1.83889445665266 10.6704581901757
4294192 1.75879838894067 11.2704581901757
4407906 3.2302349995962 11.4704581901757
4469821 2.1467980507074 11.6704581901757
4562983 5.42093565349377 11.8704581901757
4599877 2.24782242202865 12.0704581901757
4688852 3.86115294026794 12.2704581901757
4740650 4.01791992285592 12.4704581901757
4790427 4.2425913748118 12.6704581901757
4837568 2.67798561921721 12.8704581901757
4912251 8.25048471597702 13.0704581901757
4936492 4.00922120878017 13.2704581901757
4986377 4.23513467728272 13.4704581901757
5033601 4.10702918044239 13.6704581901757
5082298 4.02519773783885 13.8704581901757
5131985 4.02479272317474 14.0704581901757
5181677 4.74253939271784 14.2704581901757
5350363 3.84068825133462 15.0704581901757
5402437 4.09592660099529 15.2704581901757
5451266 4.13838768415823 15.4704581901757
5499594 4.56022345094912 15.6704581901757
5587309 3.99289265108106 16.0704581901757
5637398 3.44661198042323 16.2704581901757
5695426 2.79224314853336 16.4704581901757
5767053 2.28848662379572 16.6704581901757
5854447 3.36604002221585 16.8704581901757
5913864 2.93862677970583 17.0704581901757
5981923 5.43131424226376 17.2704581901757
6055570 1.29449000330097 17.6704581901757
6210071 3.09434662870933 17.8704581901757
6274705 2.29074082558298 18.0704581901757
6362013 3.32085246282722 18.2704581901757
6482464 2.04271313158136 18.6704581901757
6580373 2.06827371534348 18.8704581901757
6677072 1.97191986117683 19.0704581901757
6778496 2.00475126048735 19.2704581901757
6878259 3.06133382314679 19.4704581901757
6943590 1.46008848136196 19.6704581901757
7080568 2.04206657137022 19.8704581901757
7178508 1.72160005509119 20.0704581901757
7294679 1.85894337658474 20.2704581901757
7402267 1.90195425800012 20.4704581901757
7507422 1.85611403964659 20.6704581901757
7615174 1.90774161547559 20.8704581901757
7720010 1.59836327600536 21.0704581901757
7845138 1.86727415319116 21.2704581901757
7952246 2.00996944846441 21.4704581901757
8051750 1.89334772277602 21.6704581901757
8157383 1.90378281645629 21.8704581901757
8262437 1.83250870441634 22.0704581901757
8371577 2.26996719897396 22.2704581901757
8459684 2.98320455833661 22.4704581901757
8526726 2.84523352254135 22.6704581901757
8597019 2.25774406213311 22.8704581901757
8685603 2.45984306201263 23.0704581901757
8766909 2.86123032904147 23.2704581901757
8836809 2.28195883346268 23.4704581901757
8924453 2.4270961008701 23.6704581901757
9006856 1.84241798936924 23.8704581901757
9115409 2.42603622072076 24.0704581901757
9197848 2.06249355470763 24.2704581901757
9294818 3.01118655806325 24.4704581901757
9361237 9.47328533535425 24.6704581901757
9382349 9.4531360778938 24.8704581901757
9403506 9.58313368471486 25.0704581901757
9424376 6.65734638173221 25.2704581901757
9454418 9.45000945000959 25.4704581901757
9475582 9.44777741036416 25.6704581901757
9496751 9.49352067214122 25.8704581901757
9517818 8.67942542203702 26.0704581901757
9540861 0.792198429862716 26.2704581901757
10045785 0.88062665392693 26.6704581901757
10272896 2.11095161698893 26.8704581901757
10367640 1.99358067024181 27.0704581901757
10467962 1.90188191215207 27.2704581901757
10573121 3.41886186088656 27.4704581901757
10631620 1.2424906968509 27.6704581901757
10792587 1.85947915988731 27.8704581901757
10900144 2.37532512262615 28.0704581901757
10984343 2.08131705743393 28.2704581901757
11080436 2.01551950015119 28.4704581901757
11179666 1.57805867222143 28.6704581901757
11306404 1.80373553629566 28.8704581901757
11417285 2.0405040044891 29.0704581901757
11515300 1.96140927256235 29.2704581901757
11719235 1.93663335657292 29.6704581901757
11822507 1.93545265398944 29.8704581901757
11925842 1.94630154049766 30.0704581901757
12028601 1.8886989697147 30.2704581901757
12134494 2.06500640151988 30.4704581901757
12231346 1.92215281114848 30.6704581901757
12335396 1.86393289841565 30.8704581901757
12442696 2.19910716249202 31.0704581901757
12533642 2.21946022727272 31.2704581901757
12623754 2.22910768819245 31.4704581901757
12713476 2.16572096851041 31.6704581901757
12805824 2.11347232936349 31.8704581901757
12900455 2.41662638956021 32.0704581901757
12983215 1.7639639798555 32.2704581901757
13096596 3.13150766436506 32.4704581901757
13160463 1.60741985002775 32.6704581901757
13284886 1.0786206599001 32.8704581901757
13470308 3.48013711740243 33.0704581901757
13642715 2.20631225937406 33.6704581901757
13824013 2.23007704916208 34.0704581901757
13913696 2.13730016243477 34.2704581901757
14007272 2.92141396435879 34.4704581901757
14075732 1.93751513683697 34.6704581901757
14178957 2.21734406527864 34.8704581901757
14269155 2.60535400247508 35.0704581901757
14422685 1.68202920002694 35.4704581901757
14541589 2.68265529220817 35.6704581901757
14616142 1.92986857595001 35.8704581901757
14719776 3.60509760801779 36.0704581901757
14775253 0.857526293899969 36.2704581901757
15008482 0.871505263891807 36.4704581901757
15237970 2.24658519051038 36.6704581901757
15326994 2.2055580061756 36.8704581901757
15417674 2.20597156502656 37.0704581901757
15508337 2.25845792492881 37.2704581901757
15596893 1.51240169388992 37.4704581901757
15729133 2.07404334750592 37.6704581901757
15825563 4.08438336022225 37.8704581901757
15874530 2.21978046371217 38.0704581901757
15964629 1.98666944800385 38.2704581901757
16065300 1.68440910928449 38.4704581901757
16184036 1.71704770817054 38.6704581901757
16300515 1.74191750278709 38.8704581901757
16415331 0.951891408228164 39.0704581901757
16625439 1.27749814762766 39.2704581901757
16781995 1.73205161513816 39.4704581901757
16897465 1.08927122308817 39.6704581901757
17081074 0.793361153864474 39.8704581901757
17333166 0.927841747311592 40.0704581901757
17548720 0.68788801183166 40.2704581901757
17839465 1.31124325529253 40.4704581901757
17991992 5.03917962155751 40.6704581901757
18031681 1.59933467677449 40.8704581901757
18156733 0.899845001698455 41.0704581901757
18601254 0.931029346045001 41.4704581901757
18816070 0.937677279610658 41.6704581901757
19029363 0.886792118191667 41.8704581901757
19254895 0.965833635156359 42.0704581901757
19461970 1.05910886580029 42.2704581901757
19650808 0.764917809581372 42.4704581901757
19912274 1.03373330197675 42.6704581901757
20299221 0.934147287002756 43.0704581901757
20513320 0.902282775421815 43.2704581901757
20956640 1.72445011596924 43.6704581901757
21072619 0.725905385492066 43.8704581901757
21348137 0.950574860146688 44.0704581901757
21558536 0.930786700919599 44.2704581901757
21773408 1.69316469412982 44.4704581901757
21891530 2.05456936226163 44.6704581901757
21988874 2.06083587503094 44.8704581901757
22085922 1.78447152875679 45.0704581901757
22198000 1.04809717957047 45.2704581901757
22388822 1.83890291052358 45.4704581901757
22606343 0.778716130715301 45.8704581901757
22863176 0.782129896133162 46.0704581901757
23118888 0.789209921947123 46.2704581901757
23372306 1.15937996359549 46.4704581901757
23544812 0.954321405906276 46.6704581901757
23754385 1.01867226257298 46.8704581901757
23950719 1.39889487305031 47.0704581901757
24093689 0.939558219725066 47.2704581901757
24306555 1.10923157982309 47.4704581901757
24486860 1.05775892616312 47.6704581901757
24675939 1.06081099000187 47.8704581901757
24864474 1.00917847825979 48.0704581901757
25062655 1.04855325864137 48.2704581901757
25253394 1.03739282435385 48.4704581901757
25446185 1.23720268472983 48.6704581901757
25931150 0.971836187292251 49.2704581901757
26136946 1.15110563696432 49.4704581901757
26310692 1.62281022045874 49.6704581901757
26433935 4.64673218559055 49.8704581901757
26476976 1.63009148888481 50.0704581901757
26722361 1.79778512872144 50.4704581901757
26833609 2.86172161172161 50.6704581901757
26973385 0.873046013890175 51.0704581901757
27202468 3.85089340727041 51.2704581901757
27254404 1.26322438023056 51.4704581901757
27412729 2.89557122381312 51.6704581901757
27481800 1.89724519996967 51.8704581901757
27587216 1.83450894781742 52.0704581901757
27696237 1.90621425848262 52.2704581901757
27801157 1.84771160917207 52.4704581901757
27909399 1.84786525366567 52.6704581901757
28017632 1.84365781710917 52.8704581901757
28126112 2.72005222500276 53.0704581901757
28199640 1.39605335715928 53.2704581901757
28342901 1.87225597483691 53.4704581901757
28449724 1.82129457618472 53.6704581901757
28559536 1.33878665765219 53.8704581901757
28708925 1.05261495871119 54.0704581901757
28898928 1.0267941945056 54.2704581901757
29093709 0.896535339181746 54.4704581901757
29316790 0.953002673172479 54.6704581901757
29526653 1.02402359350361 54.8704581901757
29721961 0.988738271092274 55.0704581901757
29924239 0.916943277888811 55.2704581901757
30142355 1.03600640251958 55.4704581901757
30335404 1.40967175793114 55.6704581901757
30477281 1.02559894978669 55.8704581901757
30672289 1.14595449414705 56.0704581901757
30846816 0.841616239826947 56.2704581901757
31084454 1.09541623078231 56.4704581901757
31267033 0.99574319782926 56.6704581901757
31467888 1.07451203722111 56.8704581901757
31654019 1.02484742583949 57.0704581901757
31849170 1.08985886327718 57.2704581901757
32032680 1.26551841962062 57.4704581901757
32190718 1.06290822318945 57.6704581901757
32378881 1.03471467742771 57.8704581901757
32572171 0.996323566041323 58.0704581901757
32772909 1.23328132997056 58.2704581901757
32935078 1.33635349222578 58.4704581901757
33084739 1.98008039126385 58.6704581901757
33185745 0.795026315371051 58.8704581901757
33437309 1.32144037000332 59.0704581901757
33588659 1.32274257445385 59.2704581901757
33739860 1.38584772305221 59.4704581901757
33884176 1.42067652616173 59.6704581901757
34024954 1.16289887431391 59.8704581901757
34196938 2.05345133833694 60.0704581901757
34294335 0.882157050419669 60.2704581901757
34521052 0.436436322849412 60.4704581901757
34979309 0.642322638661387 60.6704581901757
35290679 3.79021177808312 60.8704581901757
35501749 0.146923459489159 61.6704581901757
36863002 0.573810705586343 61.8704581901757
37211549 0.623062664527494 62.0704581901757
37532544 0.652298700620975 62.2704581901757
37839152 0.628227518878246 62.4704581901757
38157508 0.619682350826954 62.6704581901757
38480254 0.574585508378902 62.8704581901757
38828331 1.12537207614269 63.0704581901757
39006050 1.0119511429988 63.2704581901757
39203688 1.19353818427038 63.4704581901757
39371257 1.01079529373709 63.6704581901757
39569121 0.762386880846593 63.8704581901757
39831455 1.48983559664193 64.0704581901757
39965698 0.696291551198279 64.2704581901757
40252934 1.14472140342846 64.4704581901757
40427649 0.936912965470087 64.6704581901757
40641116 1.16554191871512 64.8704581901757
40812710 0.816489828577973 65.0704581901757
41057661 1.03601713572337 65.2704581901757
41250708 0.968968774981241 65.4704581901757
41457113 0.342688148644417 65.6704581901757
42040734 0.417712688858356 65.8704581901757
42519532 0.377626391553259 66.0704581901757
43049156 0.358473048203876 66.2704581901757
43607078 0.518132030403959 66.4704581901757
43993080 1.24727159338948 66.6704581901757
44153430 1.73746096142405 66.8704581901757
44383651 1.13063977251529 67.2704581901757
44560542 0.690956075922216 67.4704581901757
44849996 0.729578194366938 67.6704581901757
45124127 0.727365301038325 67.8704581901757
45399092 0.610910868104353 68.0704581901757
45726472 1.07334717951197 68.2704581901757
45912805 1.05248755433461 68.4704581901757
46102831 1.40583703537088 68.6704581901757
46245095 0.631953462946998 68.8704581901757
46561574 0.644745325596399 69.0704581901757
46871774 0.630847164657428 69.2704581901757
47188808 0.706025219220792 69.4704581901757
47472084 0.625696086896682 69.6704581901757
47791728 0.589852183042938 69.8704581901757
48130796 0.551299067339811 70.0704581901757
48856355 0.711485510597538 70.4704581901757
49137457 0.67186917363452 70.6704581901757
49435134 0.937980715116511 70.8704581901757
49648358 0.547125267065529 71.0704581901757
50013905 0.553181485015705 71.2704581901757
50375450 0.59405705323936 71.4704581901757
50712118 0.712590766248862 71.6704581901757
50992784 0.574280283235044 71.8704581901757
51341046 0.911103619814695 72.0704581901757
51560560 0.988459732621657 72.2704581901757
51762895 2.56713046156992 72.4704581901757
51840803 1.20536386921804 72.6704581901757
52006728 1.50686376444708 72.8704581901757
52139454 1.19029197862237 73.0704581901757
52307480 1.22071057562609 73.2704581901757
52471319 0.994876386608909 73.4704581901757
52672349 1.97744721451844 73.6704581901757
53076911 0.549031987976187 74.4704581901757
53805466 1.11508204216127 74.8704581901757
53984825 1.15669116924129 75.0704581901757
54157732 1.13513820307624 75.2704581901757
54333922 1.24917242326952 75.4704581901757
54494028 0.37207917844918 75.6704581901757
55031548 0.298929086547448 75.8704581901757
55700603 0.191253956566229 76.0704581901757
56746333 0.971666213222449 76.2704581901757
56952165 0.999240577161302 76.4704581901757
57152317 0.910912734560043 76.6704581901757
57371877 0.692403297224512 76.8704581901757
57660726 0.555301042577716 77.0704581901757
58020891 0.472122355229588 77.2704581901757
58444510 0.504719123807573 77.4704581901757
58840770 0.5469158050464 77.6704581901757
59206457 0.455595394841756 77.8704581901757
59645443 0.468197673057572 78.0704581901757
60072613 0.454630181079208 78.2704581901757
60512531 0.456369896928834 78.4704581901757
60950772 0.521647048390596 78.6704581901757
61334173 0.531396216990339 78.8704581901757
61710540 0.369268036897268 79.0704581901757
62252152 0.27807941670062 79.2704581901757
62971371 0.282280544519155 79.4704581901757
63679886 0.283256429212806 79.6704581901757
64385960 0.201657829012313 79.8704581901757
65377739 0.418942923216147 80.0704581901757
65855131 0.398116114545974 80.2704581901757
66357497 0.481039237167967 80.4704581901757
67189030 0.375385239101634 80.8704581901757
68254602 0.268995811735215 81.2704581901757
68998108 0.512090455658059 81.4704581901757
69388664 0.541252946445735 81.6704581901757
69758177 0.540457280905382 81.8704581901757
70128234 0.508962835533757 82.0704581901757
70521190 0.465825851005609 82.2704581901757
70950535 0.569308304642554 82.4704581901757
71653142 0.511233068599817 82.8704581901757
72044353 0.515628706081333 83.0704581901757
72432229 0.533388805769141 83.2704581901757
72807190 0.416790835603084 83.4704581901757
73287047 0.634983125323454 83.6704581901757
73602016 0.52307410652405 83.8704581901757
73984371 0.500030001800116 84.0704581901757
74384347 0.511515492525488 84.2704581901757
74775342 0.542233187382204 84.4704581901757
75144187 0.523221895789903 84.6704581901757
75526434 0.55431450696497 84.8704581901757
75887240 0.471985311817103 85.0704581901757
76310982 0.550530436075167 85.2704581901757
76674268 0.598800602393373 85.4704581901757
77008269 0.522411451259019 85.6704581901757
77391109 0.466402682748238 85.8704581901757
77819923 0.535081265467201 86.0704581901757
78193698 0.538739403669362 86.2704581901757
78564935 0.376723036990414 86.4704581901757
79095829 0.311171201727627 86.6704581901757
79738562 0.323786488713617 86.8704581901757
80356253 0.294272572913391 87.0704581901757
81715537 0.310031855773164 87.4704581901757
82360632 0.315018672731831 87.6704581901757
82995515 0.302748655039105 87.8704581901757
83656129 0.54928153974602 88.0704581901757
84020241 0.554741934052287 88.2704581901757
84380769 0.494896381070186 88.4704581901757
84784894 0.628233438981266 88.6704581901757
85103247 0.551955578615041 88.8704581901757
85465595 0.454565083492249 89.0704581901757
85905576 0.468750732423027 89.2704581901757
86332242 0.489500220275072 89.4704581901757
86740822 0.43256337053379 89.6704581901757
87203182 0.488930610967699 89.8704581901757
87612238 0.393202318320875 90.0704581901757
88120882 0.478696795843004 90.2704581901757
88538683 0.496608166224658 90.4704581901757
88941415 0.429154158611092 90.6704581901757
89407448 0.428552755915642 90.8704581901757
89874135 0.450991843812511 91.0704581901757
90317602 0.600312162324418 91.2704581901757
90650762 0.331857672881236 91.4704581901757
91253430 0.332926053794197 91.6704581901757
91854164 0.339404718064991 91.8704581901757
92443431 0.383453226375452 92.0704581901757
92965007 0.335848277182305 92.2704581901757
93560514 0.319087664549502 92.4704581901757
94187301 0.283320229772711 92.6704581901757
94893216 0.34117059041277 92.8704581901757
95479433 0.330164851310264 93.0704581901757
96085191 0.177718854104375 93.2704581901757
97210564 0.179641901832876 93.4704581901757
98323890 0.183626906850664 93.6704581901757
99413055 0.129465256703713 93.8704581901757
102502687 0.124599102388068 94.2704581901757
104107835 0.132338544494366 94.4704581901757
107130386 0.160985877513898 94.8704581901757
108372731 0.13004755188735 95.0704581901757
109910630 0.0633856962570122 95.2704581901757
113065916 0.0847159685364846 95.4704581901757
115426746 0.0481159710380354 95.6704581901757
119583370 0.0161987705781084 95.8704581901757
131929986 0.0108901143897617 96.0704581901757
150295266 0.206265521480495 96.2704581901757
151264890 0.131975133245387 96.4704581901757
152780327 0.143795511279322 96.6704581901757
154171191 0.139727057166533 96.8704581901757
155602553 0.131743106212612 97.0704581901757
157120659 0.139158798976072 97.2704581901757
158557866 0.164003119339326 97.4704581901757
160996844 0.136892820450694 97.8704581901757
162457841 0.0944498438271846 98.0704581901757
164575367 0.105151973518529 98.2704581901757
166477376 0.104171658225284 98.4704581901757
168397284 0.31295035512042 98.6704581901757
169036363 0.313130174476138 98.8704581901757
169675075 0.313000311435315 99.0704581901757
170314052 0.300641569108482 99.2704581901757
170979296 0.31316302484164 99.4704581901757
171617941 0.299880197860959 99.6704581901757
172284874 0.306392731138851 99.8704581901757
172937631 0.327841442764626 100.070458190176
173547682 0.312794711267027 100.270458190176
174187079 0.31534400877916 100.470458190176
174821307 0.322221004942875 100.670458190176
175441999 0.312262875379014 100.870458190176
176082485 0.320593996556825 101.070458190176
176706327 0.357989246003055 101.270458190176
177265003 0.345290752077768 101.470458190176
177844225 0.356949721846935 101.670458190176
178404528 0.356787344039338 101.870458190176
178965086 0.353922165437382 102.070458190176
179530182 0.388959009554784 102.270458190176
180044375 0.358342665173553 102.470458190176
180602500 0.369051353495845 102.670458190176
181144430 0.352094079538058 102.870458190176
181712460 0.419387442701197 103.070458190176
182189346 0.490043540368569 103.270458190176
182597473 0.448294798659574 103.470458190176
183043608 0.51122261444358 103.670458190176
183434827 0.419374251679076 103.870458190176
183911728 0.466343956648673 104.070458190176
184340596 0.516718424628875 104.270458190176
184727654 0.533919933366763 104.470458190176
185102242 0.547916683789071 104.670458190176
185467261 0.494512151399848 104.870458190176
185871700 4.34707007476967 105.070458190176
185917708 4.38125698262838 105.270458190176
185963357 4.34678663797764 105.470458190176
186009368 4.3501903208266 105.670458190176
186055343 0.44839530530116 105.870458190176
186501378 0.724540550723283 106.070458190176
186777415 0.83754198179185 106.270458190176
187016209 0.763723150357953 106.470458190176
187278084 0.863352830718107 106.670458190176
187509739 0.762058625170046 106.870458190176
187772186 0.763018041561604 107.070458190176
188034303 0.797740798059906 107.270458190176
188285011 0.797063617632597 107.470458190176
188535932 0.806126561870226 107.670458190176
188784032 0.764239696138308 107.870458190176
189045730 0.777868096906819 108.070458190176
189302843 0.819653655347914 108.270458190176
189790854 0.755780778227479 108.670458190176
190055481 0.81565403218572 108.870458190176
190300683 0.804861362630299 109.070458190176
190549173 1.61283819200841 109.270458190176
190673178 0.665032902502836 109.470458190176
191274652 0.866746407336155 109.870458190176
191505400 0.749330286056848 110.070458190176
191772305 0.684577495883988 110.270458190176
192064456 0.86673513874258 110.470458190176
192295207 0.948024553835959 110.670458190176
192506172 0.720313192175969 110.870458190176
192783829 0.728679741610175 111.070458190176
193058298 0.721943471826167 111.270458190176
193335328 0.811263583594583 111.470458190176
193581857 0.794404216697594 111.670458190176
193833618 0.784409085026035 111.870458190176
194088587 0.907704596616091 112.070458190176
194308923 0.65192023104054 112.270458190176
194615709 0.812449983547843 112.470458190176
194861878 0.622415032567876 112.670458190176
195183207 0.821105700936894 112.870458190176
195426781 0.805840733637416 113.070458190176
195674969 0.803671169904134 113.270458190176
195923827 0.792079207920748 113.470458190176
196176327 0.796083270310086 113.670458190176
196427557 0.789692927904996 113.870458190176
196680820 0.784390626532025 114.070458190176
196935795 0.790570080084761 114.270458190176
197188777 0.93026284576702 114.470458190176
197403770 0.748976710569196 114.670458190176
197670801 0.808927321924774 114.870458190176
197918042 0.985508103340395 115.070458190176
198120983 0.892725625242723 115.270458190176
198345016 0.887295700164988 115.470458190176
198570420 0.933549916914071 115.670458190176
198998892 0.923305618776357 116.070458190176
199215505 0.990461852361771 116.270458190176
199417431 1.04399935272034 116.470458190176
199609002 1.19936433690146 116.670458190176
199775757 1.10789206915464 116.870458190176
199956280 1.1477037317587 117.070458190176
200130541 1.11009352537953 117.270458190176
200310706 1.10225024387281 117.470458190176
200492153 1.23403467637442 117.670458190176
200654223 1.09311718762812 117.870458190176
200837186 1.09620275366133 118.070458190176
201019634 1.29003128325864 118.270458190176
201174669 1.103978185391 118.470458190176
201355832 0.920848469780069 118.670458190176
201573023 1.60083243286511 118.870458190176
201697958 1.15021192654748 119.070458190176
201871839 1.14229578607086 119.270458190176
202046925 1.17446708555986 119.470458190176
202217215 1.1734885467518 119.670458190176
202387647 1.02968054161198 119.870458190176
202581882 1.21295925669859 120.070458190176
202746768 1.05924348830067 120.270458190176
202935582 1.08081817936172 120.470458190176
203120627 1.38885030971364 120.670458190176
203264631 1.06950155879854 120.870458190176
203451634 1.02981839152667 121.070458190176
203645843 1.14362827506549 121.270458190176
203820725 1.15655739126908 121.470458190176
203993652 0.578310465973667 121.670458190176
204339487 0.557402726256743 121.870458190176
204698294 0.524818675147744 122.070458190176
205079378 0.394394860246187 122.270458190176
205586484 0.487942930194873 122.470458190176
206406252 0.288123824094647 122.870458190176
207100398 0.337216379948445 123.070458190176
207693489 0.892152183319444 123.270458190176
207917666 1.03523955443284 123.470458190176
208110858 0.970916205076935 123.670458190176
208316849 0.968893668764336 123.870458190176
208523270 0.901810836159021 124.070458190176
208745046 1.00359789846602 124.270458190176
208944329 0.957226340954398 124.470458190176
209153266 0.945394040235985 124.670458190176
209364818 0.932540052595273 124.870458190176
209579286 1.65562913907287 125.070458190176
209700086 0.714811611399826 125.270458190176
209979880 0.951298284333492 125.470458190176
210190119 0.831898308750751 125.670458190176
210430533 1.08673208793838 125.870458190176
210614571 0.856516376593133 126.070458190176
210848075 0.645402795884921 126.270458190176
211157959 0.925446065003281 126.470458190176
211374071 0.874706973164003 126.670458190176
211831367 0.882351643600537 127.070458190176
212058034 0.721671246272101 127.270458190176
212612303 0.823150278430594 127.670458190176
212855272 0.837454306399361 127.870458190176
213094091 0.703311542397438 128.070458190176
213378460 0.928526660321683 128.270458190176
213593855 0.858162844981416 128.470458190176
213826911 0.778861693634819 128.670458190176
214083696 0.819920795651095 128.870458190176
214327622 0.834724540901573 129.070458190176
214567222 0.836368654575518 129.270458190176
214806351 0.808270220900207 129.470458190176
215053793 0.843899660330458 129.670458190176
215290788 0.777484061576695 129.870458190176
215548028 1.05382406407249 130.070458190176
216117383 1.18775425364502 130.670458190176
216285768 0.910647288092326 130.870458190176
216505392 0.714505169444862 131.070458190176
216785306 0.755937892142846 131.270458190176
217049878 0.730636311163352 131.470458190176
217323612 0.714392873216757 131.670458190176
217603570 0.790185891230869 131.870458190176
217856675 0.77749312890443 132.070458190176
218113912 0.784095408729401 132.270458190176
218368983 0.691431435930197 132.470458190176
218658238 0.795133781258764 132.670458190176
218909768 0.805055750110651 132.870458190176
219158198 0.761820598867131 133.070458190176
219420727 1.08661400210812 133.270458190176
219604785 0.668738641892139 133.470458190176
220202926 0.786435559470214 133.870458190176
220457238 0.623888698256197 134.070458190176
220777808 0.401101424511743 134.270458190176
221276435 0.364367749081773 134.470458190176
221825331 0.446851484440669 134.670458190176
222272907 0.381322808823789 134.870458190176
222797397 0.402059347980333 135.070458190176
223294836 0.392496256566986 135.270458190176
223804395 0.386897334857688 135.470458190176
224321328 0.396993173702412 135.670458190176
224825115 0.346610839214145 135.870458190176
225402131 0.384111607468645 136.070458190176
225922813 0.396155705038342 136.270458190176
226427665 1.04429371805115 136.470458190176
226810699 1.60584527680749 136.870458190176
226935244 1.65862234827743 137.070458190176
227055826 1.27491665232396 137.270458190176
227212699 1.65860859325103 137.470458190176
227333282 1.66044001660454 137.670458190176
227453732 1.66833500166824 137.870458190176
227573612 1.68831936249052 138.070458190176
227692073 1.20234216253272 138.270458190176
227858415 1.23477369685064 138.470458190176
228020388 1.11459732385192 138.670458190176
228199825 1.28468653648503 138.870458190176
228355505 1.12000896007162 139.070458190176
228534075 1.19254184331203 139.270458190176
228701784 0.672956567383104 139.470458190176
228998980 0.475230962247693 139.670458190176
229419828 0.577528926980098 139.870458190176
229766131 0.481941646505415 140.070458190176
230181119 0.451071181287801 140.270458190176
230624508 0.46989720998529 140.470458190176
231050133 0.914528194904327 140.670458190176
231268825 0.917288129374267 140.870458190176
231486859 0.892988699227962 141.070458190176
231710826 1.2898815243821 141.270458190176
231865879 1.28121356548916 141.470458190176
232021981 1.29328461961277 141.670458190176
232176626 0.714842270053073 141.870458190176
232456408 1.6209031672447 142.070458190176
232579796 0.695647334627297 142.270458190176
232867298 0.737120659280677 142.470458190176
233138624 0.731165184838621 142.670458190176
233412160 0.782616521817349 142.870458190176
233667713 0.77044570283905 143.070458190176
233927303 0.776240820952358 143.270458190176
234184955 0.702555545797801 143.470458190176
234469630 0.73474845886517 143.670458190176
234741832 0.896101510379047 143.870458190176
234965021 0.561778816444359 144.070458190176
235321033 0.409342003196996 144.270458190176
235809622 0.389856708166892 144.470458190176
236322631 0.386519737630435 144.670458190176
236840069 0.379860553190903 144.870458190176
237366578 0.387078544042743 145.070458190176
237883269 0.656118468750773 145.270458190176
238188092 0.377260260535915 145.470458190176
238718230 0.370859355298128 145.670458190176
239257518 0.380474070692061 145.870458190176
239783178 0.414097536533732 146.070458190176
240266156 0.42779193056085 146.270458190176
240733673 0.306861892202469 146.470458190176
241385432 0.379554175665296 146.670458190176
241912366 0.569200557816515 146.870458190176
242263736 0.586005027923148 147.070458190176
242946324 0.598367056303315 147.470458190176
243280567 0.5449487339479 147.670458190176
243647574 0.580280333429048 147.870458190176
243992235 0.574502983106708 148.070458190176
244340362 0.578066425613016 148.270458190176
244686343 0.441962579028409 148.470458190176
245138870 0.488234762803388 148.670458190176
245548509 0.450897285598316 148.870458190176
245992069 0.615043975644225 149.070458190176
246317249 0.482371725298991 149.270458190176
246731867 0.489118339736681 149.470458190176
247140766 0.505493450068664 149.670458190176
247536419 0.500931733023396 149.870458190176
247935675 0.4823507847847 150.070458190176
248350311 0.533548175398648 150.270458190176
249474858 0.49136427290369 150.870458190176
249881888 0.500301431612519 151.070458190176
250281647 0.341213953944652 151.270458190176
251453932 0.543371456878489 151.670458190176
252558149 0.706918612460207 152.270458190176
252841067 0.464596579175362 152.470458190176
253271548 0.283286319607879 152.670458190176
254683547 0.338180588434205 153.070458190176
255274947 0.704255109370878 153.270458190176
255558935 0.631248372562799 153.470458190176
256192600 0.680244343768244 153.870458190176
256486612 0.63522312212161 154.070458190176
256801462 0.696813125172085 154.270458190176
257088483 1.12892937982258 154.470458190176
257265642 2.95181167441542 154.670458190176
257333397 0.617775883265035 154.870458190176
257657139 10.8214860605734 155.070458190176
257731066 3.01259263722343 155.870458190176
257797454 2.94555148087584 156.070458190176
257865353 1.11168548194354 156.270458190176
258045260 0.738811621506766 156.470458190176
258315965 0.748993539930782 156.670458190176
258582990 0.390098519381048 156.870458190176
259095681 0.92092903320865 157.070458190176
259312853 0.619258314316995 157.270458190176
259635820 0.738307061907006 157.470458190176
259906710 0.723146845814307 157.670458190176
260183279 0.665920835331059 157.870458190176
260483615 0.64284290847842 158.070458190176
260794733 0.775139718934404 158.270458190176
261052751 8.11886011203982 158.470458190176
261077385 0.554603486237562 158.670458190176
261438003 0.56548452127491 158.870458190176
261791682 0.852987589030533 159.070458190176
262026152 0.84263390506051 159.270458190176
262263503 0.845887716864417 159.470458190176
262499941 0.96454803690369 159.670458190176
262707292 0.702358167547502 159.870458190176
262992047 2.19546198008704 160.070458190176
263083144 1.92119267641368 160.270458190176
263187246 2.17372402399779 160.470458190176
263279254 2.0885765306657 160.670458190176
263375013 2.21417737774961 160.870458190176
263465340 1.71937999157494 161.070458190176
263581661 2.20368676796299 161.270458190176
263672418 2.23548610645373 161.470458190176
263761884 1.93618339529137 161.670458190176
263865180 2.21611559258919 161.870458190176
263955428 2.02804790249135 162.070458190176
264054045 0.491689222909809 162.270458190176
264460806 0.751944717024363 162.470458190176
264726783 0.462333675460292 162.670458190176
265159371 0.307191349491581 162.870458190176
265810431 0.171754020761617 163.070458190176
266974887 0.878140449783613 163.270458190176
267202641 0.878445152080769 163.470458190176
267430316 0.903130249444652 163.670458190176
267651768 0.804926148025874 163.870458190176
267900238 1.14461003136225 164.070458190176
268074970 0.40057843526055 164.270458190176
268574248 0.8053799379857 164.470458190176
268822578 0.757449515989824 164.670458190176
269086622 0.919743207696361 164.870458190176
269304074 0.780957141072055 165.070458190176
269560170 0.787842021917832 165.270458190176
269814028 0.840979236222611 165.470458190176
270051846 0.755452478261919 165.670458190176
270316588 0.786259331915402 165.870458190176
270570957 0.771004078611533 166.070458190176
270830359 0.762148649472658 166.270458190176
271092775 0.943543098689838 166.470458190176
271304742 0.769207101319952 166.670458190176
272084766 0.776376418342735 167.270458190176
272342373 0.760713701594848 167.470458190176
272868195 1.10663538577303 167.870458190176
273048923 0.808410704974511 168.070458190176
273296322 0.804725347239056 168.270458190176
273544854 0.828726992466826 168.470458190176
273786188 0.682962143408449 168.670458190176
274079030 0.372503296654155 168.870458190176
274615938 0.351526592107857 169.070458190176
275184885 0.396293074580409 169.270458190176
275689562 0.74552035456944 169.470458190176
275957831 0.768282236162342 169.670458190176
276218152 0.719683339330655 169.870458190176
276496052 0.719890576632312 170.070458190176
276773872 0.766841762202435 170.270458190176
277034682 0.696068604521623 170.470458190176
277322010 0.753931754097683 170.670458190176
277587286 0.803806829142776 170.870458190176
277836102 0.741232150203242 171.070458190176
278105923 0.945662247271845 171.270458190176
278317415 1.0761019283746 171.470458190176
278503271 1.07731919890554 171.670458190176
278688917 1.11118519012372 171.870458190176
278868905 1.08431056823289 172.070458190176
279053354 0.956338371642736 172.270458190176
279262485 1.18545213144287 172.470458190176
279431197 0.842964199310527 172.670458190176
279668455 1.20091990464689 172.870458190176
279834994 1.12788527151012 173.070458190176
280012317 1.05527532133142 173.270458190176
280201841 1.10695388430112 173.470458190176
280382517 1.00045520711932 173.670458190176
280582426 0.963289054146425 173.870458190176
280790048 1.17809913704232 174.070458190176
280959813 1.16582047530511 174.270458190176
281131366 1.65669886184779 174.470458190176
281252088 1.68839062605539 174.670458190176
281370544 1.52732965501433 174.870458190176
281632439 1.59740581295989 175.270458190176
281757642 1.67474732249763 175.470458190176
281877063 0.273879558725278 175.670458190176
282607311 1.03296714647985 175.870458190176
282800928 0.993458078552676 176.070458190176
283002245 1.00786131828269 176.270458190176
283200685 0.967089929692509 176.470458190176
283407491 1.03343684925782 176.670458190176
283601020 1.04537994334035 176.870458190176
283792338 1.04986325531094 177.070458190176
283982839 1.05918178207344 177.270458190176
284171664 1.01710257988064 177.470458190176
284368301 0.793940644997447 177.670458190176
284620209 0.807558749899011 177.870458190176
284867869 1.90828769345256 178.070458190176
284972675 2.88417166589766 178.270458190176
285180707 2.10710410147802 178.870458190176
285275624 2.04490613880812 179.070458190176
285373428 1.92337282658887 179.270458190176
285477412 2.36700396473151 179.470458190176
285561907 2.02648617429825 179.670458190176
285660600 2.50193900272698 179.870458190176
285740538 2.09912046852357 180.070458190176
285835816 2.1000462010166 180.270458190176
285931052 2.11709661370385 180.470458190176
286025521 2.130311131941 180.670458190176
286119404 2.13078775223188 180.870458190176
286213266 2.05765550731485 181.070458190176
286310464 2.52771002110659 181.270458190176
286389587 2.31227238568691 181.470458190176
286476082 1.84433788270027 181.670458190176
286584522 2.46072074510611 181.870458190176
286665799 2.17791377639347 182.070458190176
286757630 1.18920911647719 182.270458190176
286925809 1.18963353338997 182.470458190176
287093928 1.05382406407259 182.670458190176
287283713 1.10987791342946 182.870458190176
287463913 1.06763465542086 183.070458190176
287651243 1.09220384892646 183.270458190176
287834359 0.3933538926301 183.470458190176
288342807 0.614392135780714 183.670458190176
288668332 0.679784236483303 183.870458190176
288962543 0.686127530524061 184.070458190176
289254034 0.814146611521872 184.270458190176
289499690 0.718809077120986 184.470458190176
289777928 0.846088111616016 184.670458190176
290014310 0.812601829166673 184.870458190176
290260433 2.61855508130599 185.070458190176
290336811 1.61387936251779 185.270458190176
290460736 1.4789508322795 185.470458190176
290595967 1.76961395871506 185.670458190176
290708986 2.32080485512363 185.870458190176
290795163 0.935160637218407 186.070458190176
291009030 0.757526977429548 186.270458190176
291273047 0.837464826477242 186.470458190176
291511863 1.41394717493366 186.670458190176
291653311 1.36081267733083 186.870458190176
291800282 1.34362550469926 187.070458190176
291949133 1.36506658112261 187.270458190176
292095646 2.26716241951561 187.470458190176
292183862 4.71653617583287 187.670458190176
292226266 1.47736674151983 187.870458190176
292361642 0.94418898886796 188.070458190176
292573464 0.891734512800925 188.270458190176
292797746 1.11371596901636 188.470458190176
292977325 1.45988598290486 188.670458190176
293114322 1.69544687741062 188.870458190176
293232285 1.70330185063737 189.070458190176
293349704 0.762520588055942 189.270458190176
293611992 1.7173720772473 189.470458190176
293728449 1.63658085527729 189.670458190176
293850655 1.95381188699141 189.870458190176
293953019 1.39673095120872 190.070458190176
294239402 1.75773182285569 190.470458190176
294353185 1.67797904204191 190.670458190176
294472376 1.67247852955678 190.870458190176
294591959 1.69363784941857 191.070458190176
294710048 1.70156288551049 191.270458190176
294827587 1.47301437662023 191.470458190176
294963363 1.38265732912095 191.670458190176
295108012 1.04219319135182 191.870458190176
295299915 1.32374938776584 192.070458190176
295451001 1.26959138201381 192.270458190176
295608532 1.35114137667787 192.470458190176
295756555 1.47673405496417 192.670458190176
295891989 1.39079156902143 192.870458190176
296035792 1.22966442457846 193.070458190176
296198438 1.26529424417659 193.270458190176
296356504 1.43558013587768 193.470458190176
296635137 1.38416925621657 193.870458190176
296779628 1.12670343475536 194.070458190176
296957137 1.49271554812528 194.270458190176
297091121 1.38818515613605 194.470458190176
297235194 1.3585664406919 194.670458190176
297382408 2.80253349027505 194.870458190176
297453772 2.85951216722411 195.070458190176
297523714 2.90465470917169 195.270458190176
297592569 2.59457215505149 195.470458190176
297669653 2.77623542476426 195.670458190176
297741693 2.74574409665004 195.870458190176
297814533 2.80855485809761 196.070458190176
297885744 2.76472214542462 196.270458190176
297958084 1.51040289997348 196.470458190176
298090499 13.1078778345797 196.670458190176
298105757 2.74732822330269 196.870458190176
298178555 2.80112044817912 197.070458190176
298249955 2.74391707882592 197.270458190176
298395732 2.58933195235651 197.670458190176
298472972 2.74785667179585 197.870458190176
298545756 2.18837535013994 198.070458190176
298637148 1.74622161298505 198.270458190176
298751681 1.90211705628354 198.470458190176
298856827 1.51764643391042 198.670458190176
298988610 1.7385106179535 198.870458190176
299103651 13.5772716472627 199.070458190176
299133112 1.33530959152872 199.470458190176
299282890 1.2885103531808 199.670458190176
299438108 0.697082708863368 199.870458190176
299725018 0.544127369334584 200.070458190176
300092579 1.14625004298447 200.270458190176
300267061 0.77645177069822 200.470458190176
300524643 2.71282079105877 200.670458190176
300598367 6.16086005606349 200.870458190176
300630830 19.5516162669445 201.070458190176
300661518 1.97271731947187 201.670458190176
300762901 11.1148160497943 201.870458190176
300816883 6.10780271797187 202.470458190176
300849628 6.10724319042436 202.670458190176
300882376 6.10183970467062 202.870458190176
300915153 8.28020203692924 203.070458190176
300939307 13.2881536110569 203.270458190176
300954358 1.02377198550333 203.470458190176
301149714 1.37837875091329 203.670458190176
301294812 8.47565368478997 203.870458190176
301318409 3.01105055553866 204.070458190176
301384831 3.22045633866346 204.270458190176
301446934 3.06781402911339 204.470458190176
301512127 1.90361973292231 204.670458190176
301617190 1.64136233073442 204.870458190176
301739040 1.56251220712664 205.070458190176
301995038 1.58179042858614 205.470458190176
302247916 1.56335495974352 205.870458190176
302375846 1.52914551348698 206.070458190176
302506638 1.23882732605326 206.270458190176
302668081 1.50056646384002 206.470458190176
302801364 1.86188534510061 206.670458190176
302908782 1.23770035274453 206.870458190176
303070372 2.54491779915495 207.070458190176
303148960 1.06824482034802 207.270458190176
303336183 1.54064213964372 207.470458190176
303465999 1.97382705327376 207.670458190176
303567325 2.16330813079349 207.870458190176
303659776 2.23274091274452 208.070458190176
303838928 2.16797467805564 208.470458190176
303931180 0.746577873671622 208.670458190176
304199069 0.384231153461902 208.870458190176
304719589 1.4441788759955 209.070458190176
304858076 1.40932408816743 209.270458190176
304999988 1.5868104316918 209.470458190176
305252066 1.09796601795168 209.870458190176
305434221 1.43806264200861 210.070458190176
305573297 1.61462201698596 210.270458190176
305697165 1.29626869057411 210.470458190176
305851454 1.5155878207364 210.670458190176
305983416 1.56582738318919 210.870458190176
306111144 1.68257400170784 211.070458190176
306348875 1.56463915509477 211.470458190176
306476700 1.47932276603783 211.670458190176
306611897 1.4997900293958 211.870458190176
306745249 1.48938071549841 212.070458190176
306879533 1.43244338603952 212.270458190176
